"Interval start","BBR","BBR"
0,0,8480
1,0,11691
2,0,10295
3,0,12887
4,0,9397
5,0,9742
6,0,9633
7,0,7743
8,0,10451
9,0,11521
10,0,10502
11,0,11440
12,0,11425
13,0,10327
14,0,12547
15,0,12672
16,0,10874
17,0,12925
18,0,12345
19,0,11304
20,5045,5821
21,9361,1687
22,6574,2259
23,5046,2884
24,4480,3550
25,5781,4382
26,5397,4601
27,5429,5169
28,5341,3983
29,6328,4503
30,5645,2736
31,5179,3432
32,4992,5648
33,4749,6173
34,5056,6526
35,5171,6024
36,3365,4911
37,3630,5070
38,4308,4948
39,4746,5559
40,2981,6583
41,0,9744
42,0,11190
43,0,8676
44,0,7702
45,0,8980
46,0,8671
47,0,10392
48,0,13617
49,0,9670
50,0,10250
51,0,9811
52,0,11237
53,0,11765
54,0,11281
55,0,8884
56,0,6423
57,0,8007
58,0,8604
59,0,11114
60,0,530
